("1769119X", "1769143X"): array([[0, 0, 0, 0], [0, 0, 0, 0], [1, 0, 0, 0]]),
("1769143X", "1280322X"): array([[0, 0, 0, 0], [0, 0, 0, 0], [0, 1, 0, 0]]),
("1769143X", "1618293XB"): array([[1, 1, 1, 1], [1, 1, 1, 1], [1, 1, 1, 1]]),
("1769143X", "1885921X"): array([[0, 0, 1, 1], [0, 0, 1, 1], [1, 1, 0, 0]]),
("1885921X", "1618293XA"): array([[1, 1, 1, 0], [0, 1, 1, 1], [1, 1, 1, 1]]),
("1885921X", "1769154X"): array([[0, 0, 1, 1], [0, 0, 1, 1], [1, 1, 0, 0]]),
("1769154X", "1911442X"): array([[0, 0, 0, 0], [1, 0, 0, 0], [0, 1, 0, 0]]),
("1769154X", "2284176X"): array([[0, 0, 0, 0], [0, 0, 0, 0], [0, 1, 1, 1]]),
("2284176X", "2287314X"): array([[0, 0, 0, 0], [0, 0, 0, 0], [0, 1, 1, 1]]),
("1769154X", "1769156X"): array([[0, 0, 0, 0], [0, 0, 0, 0], [0, 1, 0, 0]]),
("1885921X", "1769142X"): array([[1, 0, 1, 0], [0, 0, 1, 1], [0, 1, 0, 1]]),
("1769143X", "1769115X"): array([[0, 1, 0, 0], [0, 0, 0, 0], [0, 1, 0, 0]]),
("1885921X", "1769115X"): array([[1, 0, 0, 0], [0, 0, 0, 0], [0, 1, 0, 0]]),
("1769142X", "1769141X"): array([[0, 1, 0, 0], [1, 1, 0, 0], [0, 1, 0, 1]]),
("1769141X", "1769146X"): array([[0, 1, 0, 0], [1, 0, 0, 0], [1, 1, 0, 0]]),
("1769146X", "1885921X"): array([[1, 1, 1, 0], [1, 1, 0, 1], [1, 1, 0, 0]]),
("1769154X", "1769141X"): array([[1, 1, 0, 0], [1, 1, 0, 0], [0, 1, 0, 0]]),